dbin5point <- structure(c(5, 0, 3, 3, 1, 0, 0, 6, 3, 3, 2, 2, 3, 2, 1, 2, 4,
                          1, 4, 3, 1, 3, 2, 6, 2, 3, 2, 2, 2, 1, 3, 2, 3, 2, 1, 1, 1, 5,
                          3, 2, 13, 0, 2, 8, 21, 9, 5, 7, 4, 12, 30, 7, 10, 6, 3, 10, 15,
                          15, 33, 22, 7, 3, 3, 3, 6, 21, 8, 12, 3, 1, 2, 15, 7, 14, 27,
                          3, 12, 8, 4, 19, 13, 22, 17, 26, 26, 28, 5, 32, 14, 21, 12, 19,
                          21, 27, 11, 0, 19, 13, 32, 32, 3, 30, 4, 4, 16, 5, 16, 26, 23,
                          19, 35, 29, 28, 4, 20, 49, 46, 39, 53, 24, 51, 49, 39, 51, 32,
                          51, 43, 42, 47, 47, 36, 32, 44, 35, 26, 30, 23, 27, 52, 81, 89,
                          71, 50, 68, 46, 62, 59, 68, 40, 291, 201, 251, 259, 153, 8, 65,
                          44, 35, 53, 67, 71, 73, 37, 56, 77, 53, 63, 33, 74, 53, 78, 24,
                          16, 26, 1, 6, 3, 3, 5, 6, 6, 0, 3, 3, 4, 4, 3, 4, 5, 4, 2, 5,
                          2, 3, 5, 3, 4, 0, 4, 3, 4, 4, 4, 5, 3, 4, 3, 4, 5, 5, 5, 1, 3,
                          4, 27, 40, 38, 32, 19, 31, 35, 33, 36, 28, 10, 33, 30, 34, 37,
                          30, 25, 25, 7, 18, 33, 37, 37, 37, 34, 19, 32, 28, 37, 39, 38,
                          25, 33, 26, 13, 37, 28, 32, 36, 21, 27, 18, 23, 14, 14, 12, 35,
                          8, 26, 19, 28, 21, 19, 13, 29, 40, 21, 27, 8, 8, 37, 10, 36,
                          36, 24, 35, 24, 14, 17, 21, 5, 11, 12, 36, 20, 28, 31, 38, 24,
                          53, 26, 28, 38, 26, 45, 26, 34, 35, 30, 30, 41, 45, 33, 42, 51,
                          47, 54, 50, 25, 57, 48, 77, 94, 73, 99, 81, 81, 73, 105, 54,
                          147, 91, 92, 167, 82, 25, 46, 55, 37, 23, 19, 17, 53, 34, 13,
                          37, 27, 57, 16, 37, 12, 66, 74, 64, 53, 48, 51, 52, 52, 54, 54,
                          53, 51, 49, 48, 52, 40, 51, 52, 50, 50, 48, 52, 53, 50, 50, 52,
                          49, 51, 52, 52, 50, 47, 46, 49, 53, 47, 51, 53, 52, 39, 47, 41,
                          46, 38, 40, 37, 32, 37, 39, 39, 37, 35, 40, 35, 37, 39, 38, 38,
                          38, 38, 40, 36, 40, 39, 39, 35, 39, 30, 40, 39, 40, 39, 39, 39,
                          40, 35, 37, 39, 40, 36, 40, 40, 33, 25, 31, 38, 38, 31, 39, 25,
                          35, 19, 33, 39, 39, 39, 37, 33, 36, 31, 35, 36, 38, 31, 36, 36,
                          38, 34, 36, 33, 33, 37, 37, 33, 36, 34, 35, 37, 76, 77, 75, 75,
                          77, 76, 73, 76, 76, 60, 74, 77, 72, 72, 72, 69, 74, 74, 73, 70,
                          72, 70, 70, 75, 568, 573, 551, 521, 516, 566, 594, 598, 617,
                          588, 400, 346, 379, 376, 289, 502, 477, 490, 484, 502, 488, 504,
                          492, 498, 479, 494, 489, 504, 475, 497, 490, 491, 490, 483, 486,
                          1, 6, 3, 2, 2, 0, 0, 1, 3, 5, 6, 2, 14, 3, 2, 4, 4, 6, 2, 1,
                          4, 4, 2, 5, 3, 2, 2, 4, 7, 8, 5, 1, 7, 3, 1, 2, 15, 7, 13, 8,
                          2, 0, 3, 8, 3, 1, 1, 3, 5, 0, 5, 3, 1, 2, 2, 2, 2, 0, 4, 0, 1,
                          1, 5, 1, 10, 0, 1, 0, 1, 1, 1, 0, 5, 3, 1, 0, 4, 0, 0, 7, 15,
                          9, 2, 2, 9, 1, 15, 5, 21, 7, 1, 1, 1, 3, 7, 4, 9, 5, 4, 2, 9,
                          4, 4, 2, 6, 4, 7, 7, 3, 3, 7, 4, 6, 5, 3, 1, 0, 2, 2, 0, 1, 4,
                          1, 1, 17, 3, 0, 5, 5, 5, 8, 3, 3, 4, 7, 5, 7, 7, 2, 72, 67, 89,
                          119, 123, 73, 46, 42, 23, 52, 0, 54, 21, 24, 71, 8, 33, 20, 26,
                          8, 22, 6, 18, 12, 31, 16, 21, 6, 35, 13, 20, 19, 20, 27, 24,
                          5, 4, 5, 5, 3, 2, 2, 10, 7, 2, 3, 5, 6, 3, 2, 4, 7, 4, 8, 4,
                          6, 8, 5, 10, 4, 5, 5, 6, 3, 4, 8, 2, 4, 3, 3, 7, 6, 3, 7, 8,
                          16, 1, 5, 23, 21, 11, 6, 7, 9, 4, 13, 4, 13, 5, 1, 6, 18, 15,
                          15, 10, 8, 3, 3, 1, 5, 21, 2, 16, 5, 3, 1, 4, 9, 13, 15, 3, 18,
                          9, 9, 8, 7, 12, 10, 27, 24, 23, 6, 31, 9, 11, 17, 17, 11, 12,
                          14, 10, 19, 19, 28, 22, 5, 25, 4, 6, 12, 9, 9, 13, 22, 25, 26,
                          21, 14, 5, 20, 38, 36, 27, 42, 34, 35, 35, 32, 37, 29, 51, 29,
                          40, 31, 39, 47, 24, 36, 31, 27, 19, 45, 15, 35, 126, 108, 104,
                          85, 113, 56, 93, 75, 96, 54, 205, 144, 223, 202, 125, 24, 79,
                          58, 27, 25, 53, 68, 79, 45, 53, 84, 39, 57, 27, 90, 60, 81, 30,
                          20, 27, 10, 11, 10, 10, 12, 13, 13, 5, 8, 13, 12, 10, 9, 12,
                          13, 11, 8, 11, 7, 11, 9, 7, 10, 5, 11, 10, 10, 9, 12, 11, 7,
                          13, 11, 12, 12, 8, 9, 12, 8, 7, 24, 39, 35, 17, 19, 29, 34, 33,
                          31, 36, 27, 36, 27, 35, 39, 34, 22, 25, 25, 30, 32, 37, 37, 39,
                          35, 19, 38, 24, 35, 37, 39, 36, 31, 27, 25, 37, 22, 31, 31, 32,
                          33, 28, 30, 13, 16, 17, 34, 9, 31, 29, 23, 23, 29, 28, 26, 30,
                          21, 21, 12, 18, 35, 15, 36, 34, 28, 31, 31, 27, 18, 15, 14, 19,
                          26, 35, 20, 39, 41, 50, 35, 43, 42, 42, 45, 40, 48, 26, 48, 37,
                          46, 38, 30, 53, 41, 46, 50, 58, 32, 62, 42, 115, 132, 138, 162,
                          137, 185, 156, 169, 151, 190, 147, 207, 124, 146, 187, 76, 21,
                          42, 73, 75, 47, 32, 21, 55, 47, 16, 61, 43, 73, 10, 40, 19, 70,
                          80, 73, 43, 44, 44, 42, 33, 45, 42, 43, 42, 40, 39, 42, 35, 44,
                          38, 41, 38, 43, 40, 42, 40, 42, 42, 35, 39, 42, 40, 34, 40, 38,
                          35, 43, 32, 43, 41, 41, 36, 34, 32, 40, 36, 38, 39, 36, 33, 40,
                          39, 39, 36, 40, 35, 37, 39, 40, 36, 36, 40, 39, 40, 38, 40, 38,
                          36, 39, 25, 35, 37, 33, 38, 32, 38, 39, 36, 35, 40, 39, 35, 40,
                          39, 24, 21, 34, 38, 30, 35, 32, 22, 30, 34, 36, 37, 40, 33, 33,
                          23, 39, 32, 27, 30, 35, 33, 34, 23, 40, 37, 37, 32, 33, 39, 34,
                          27, 36, 28, 35, 34, 76, 74, 69, 67, 72, 76, 67, 67, 68, 54, 76,
                          75, 69, 66, 64, 71, 70, 71, 74, 72, 70, 61, 50, 66, 421, 432,
                          414, 410, 411, 446, 453, 463, 495, 461, 380, 329, 372, 329, 270,
                          296, 283, 287, 274, 284, 272, 291, 285, 288, 279, 287, 283, 285,
                          265, 293, 272, 293, 288, 279, 269, 2, 1, 1, 3, 12, 0, 3, 2, 3,
                          5, 6, 3, 10, 1, 7, 4, 7, 2, 5, 3, 5, 3, 3, 10, 6, 3, 5, 11, 5,
                          7, 10, 2, 13, 2, 4, 4, 9, 11, 13, 5, 4, 2, 1, 4, 7, 0, 1, 1,
                          4, 0, 5, 3, 1, 0, 4, 4, 0, 1, 0, 2, 0, 2, 4, 1, 15, 5, 3, 7,
                          2, 8, 2, 1, 4, 5, 0, 1, 5, 0, 1, 16, 19, 6, 2, 10, 5, 8, 18,
                          10, 6, 4, 3, 0, 7, 7, 17, 1, 8, 13, 10, 5, 7, 6, 17, 0, 3, 3,
                          8, 7, 1, 6, 13, 4, 12, 5, 6, 1, 3, 8, 10, 5, 1, 10, 10, 9, 23,
                          1, 2, 8, 11, 13, 6, 7, 6, 3, 5, 7, 16, 27, 11, 99, 88, 106, 110,
                          109, 74, 67, 57, 25, 59, 20, 71, 28, 71, 90, 4, 17, 13, 26, 16,
                          28, 9, 15, 12, 21, 13, 17, 15, 35, 7, 28, 7, 12, 21, 31, 8, 5,
                          15, 8, 7, 2, 2, 8, 6, 8, 12, 8, 5, 9, 6, 5, 13, 5, 12, 6, 9,
                          4, 13, 16, 12, 10, 4, 7, 3, 6, 11, 7, 9, 12, 2, 11, 13, 7, 13,
                          13, 5, 0, 2, 7, 14, 11, 3, 11, 4, 9, 11, 12, 13, 3, 11, 11, 21,
                          18, 15, 10, 6, 5, 2, 11, 8, 9, 3, 10, 4, 4, 0, 13, 8, 6, 8, 6,
                          12, 3, 2, 9, 4, 9, 6, 16, 19, 13, 7, 21, 6, 13, 11, 12, 5, 12,
                          12, 4, 5, 9, 9, 20, 10, 20, 18, 4, 9, 9, 22, 7, 3, 6, 20, 7,
